Lambda	k_perim	x_perim	k_area	x_area
1	11.4466	0.657546	6.42861	0.960514
1.001	18.8135	0.563943	7.11329	0.94607
1	16.2054	0.557713	7.89061	0.922387
1.001	9.51779	0.666547	7.96811	0.926216
1	14.9805	0.568244	8.18397	0.921268
1.001	17.0737	0.55294	7.58073	0.932008
1	19.6695	0.551571	7.27253	0.943955
1.001	23.5184	0.547929	7.17054	0.935805
1	9.28722	0.691664	7.19015	0.939456
1.001	22.3911	0.504337	9.76982	0.880975
1	10.4653	0.637632	5.11565	0.982643
1.001	16.0826	0.553878	8.29364	0.922993
1	13.987	0.549549	8.3176	0.921387
1.001	15.3242	0.54404	8.26143	0.921631
1	9.62972	0.700483	4.78291	1.00156
1.5	10.3179	0.662213	7.25922	0.935797
1	20.3257	0.54466	7.03147	0.947067
1.5	16.423	0.530805	7.4991	0.932475
1	12.4757	0.625511	6.77355	0.945724
1.5	16.9802	0.551412	6.75347	0.954876
1	20.5511	0.475659	7.8044	0.928009
1.5	16.4184	0.548425	7.61022	0.932609
1	10.2552	0.622118	8.00835	0.923306
1.5	29.4716	0.431129	8.41263	0.906616
1	18.2486	0.528843	6.62472	0.956031
5	20.9075	0.456799	8.5139	0.905023
1	16.2708	0.59215	6.73678	0.953484
5	16.823	0.533574	8.54517	0.901917
1	17.2963	0.584716	6.00012	0.974646
5	18.4432	0.507292	7.38635	0.928415
1	16.9464	0.546339	5.94292	0.971831
5	24.3116	0.460993	7.80536	0.919417
1	10.6456	0.651667	6.68432	0.954768
5	20.631	0.478345	10.2818	0.872699
1	19.0665	0.55908	7.1242	0.949935
5	25.3651	0.438809	8.22036	0.899536
1	18.4524	0.573701	7.85546	0.928351
5	21.1396	0.470007	21.3661	0.77192
1	14.5262	0.60375	6.97667	0.948121
10	20.5457	0.471283	12.6084	0.832423
1	20.8659	0.530836	6.38765	0.962541
10	23.0825	0.422857	12.3863	0.833413
1	16.7371	0.579641	6.89616	0.951767
10	16.5736	0.497504	11.3244	0.847518
1	23.032	0.526215	5.88307	0.975887
10	23.3184	0.435061	9.53497	0.875995
1	24.807	0.55363	6.74935	0.956612
10	21.9809	0.478347	10.237	0.863715
1	16.9399	0.562655	6.95055	0.949383
10	21.807	0.435405	12.644	0.829426
1	18.7173	0.556953	7.26065	0.944459
10	24.4771	0.436285	12.7785	0.826175
