avg	stdev
0.186719	0.12671
0.0748469	0.0278516
0.119651	0.0390845
0.13583	0.0438933
0.140591	0.0305365
0.143321	0.0301441
0.217913	0.0295686
0.220826	0.0248294
0.226577	0.0258799
0.221392	0.0396467
0.255324	0.051295
0.262361	0.0411513
0.264085	0.0426808
0.29122	0.0330811
0.344539	0.0285756
0.362274	0.0389794
0.327346	0.0281299
0.330716	0.0272643
0.336195	0.0293016
0.322486	0.0339676
0.363624	0.0277098
0.353818	0.0316168
0.352561	0.0252268
0.356082	0.0313248
0.350895	0.0334209
0.359839	0.0311914
0.389541	0.0215086
0.408879	0.0226731
0.412848	0.024709
0.413651	0.0250254
0.427287	0.0329848
0.44724	0.0245666
0.455384	0.0207007
0.473593	0.0256803
0.463328	0.0278593
0.462224	0.0251209
0.468938	0.0259368
0.498345	0.0250622
0.51684	0.0200766
0.505502	0.0173609
0.515531	0.0227536
0.50762	0.0214396
0.522996	0.0241558
0.535523	0.021291
0.539742	0.0249508
0.526924	0.0304255
0.55127	0.0285717
0.549376	0.0321873
0.562542	0.0296435
0.573724	0.034607
0.582693	0.0351426
0.577867	0.0341755
0.586605	0.0349234
0.588618	0.0349767
0.612894	0.0440192
0.574577	0.0462214
0.456969	0
0.486402	0
0.517596	0
0.513206	0
0.514208	0
0.503347	0
