avg	stdev
0.028448	0.0141111
0.05973	0.0383136
0.126477	0.0412008
0.178197	0.0208668
0.181095	0.00647412
0.203144	0.0281338
0.199581	0.0409089
0.196988	0.0347019
0.205246	0.0372248
0.273263	0.0341103
0.286805	0.0185786
0.273186	0.0238314
0.323879	0.0264718
0.324652	0.0156307
0.33044	0.0260515
0.323838	0.0348369
0.345589	0.0184042
0.377301	0.0183008
0.33444	0.0350044
0.393079	0.0138885
0.398622	0.0173455
0.382408	0.0133331
0.43371	0.01164
0.465973	0.00422218
0.473847	0.00913476
0.499992	0.000762843
0.496258	0
0.508075	0
0.495711	0
0.466456	0
0.507377	0
0.524247	0
0.47482	0
0.486102	0
0.508285	0
0.537695	0
0.533217	0
0.507688	0
0.517305	0
0.503127	0
0.534884	0
0.504848	0
0.532962	0
0.53443	0
0.501378	0
0.534001	0
0.56729	0
