avg	stdev
0.0427724	0.0255988
0.173948	0.118631
0.0391514	0.0242805
0.0510778	0.0292565
0.06773	0.0328809
0.258655	0.12069
0.121364	0.0377672
0.0977167	0.0316324
0.127664	0.0299118
0.148189	0.0365502
0.158295	0.0351144
0.167397	0.0293137
0.182482	0.0341375
0.167545	0.0380983
0.236117	0.0307332
0.254728	0.0337299
0.227703	0.0237267
0.259626	0.0256894
0.283225	0.035034
0.272552	0.0248137
0.289412	0.0323755
0.298892	0.0317246
0.339092	0.0409029
0.342245	0.0392654
0.322959	0.0414187
0.326762	0.0415721
0.346153	0.0425551
0.357703	0.0405452
0.388805	0.042135
0.404985	0.0479579
0.400043	0.0492003
0.418443	0.0471929
0.422106	0.0530561
0.42842	0.0540178
0.412956	0.0531016
0.453353	0.0581045
0.435339	0.0507115
0.430486	0.0506338
0.462262	0.0547296
0.469252	0.050826
0.487967	0.057282
0.477068	0.0564276
0.467422	0.04991
0.461119	0.0527896
0.460743	0.0474734
0.473257	0.0486251
0.486035	0.0530081
0.511634	0.050246
0.532317	0.0546405
0.537642	0.0526178
0.537173	0.0597893
0.558819	0.062775
0.571772	0.0605438
0.587855	0.0565103
0.524625	0.0567236
0.513671	0.0473394
0.616948	0
