# Lambda	k_perim	x_perim	k_area	x_area
0.8	23.2538	0.443078	6.31135	0.974041
1	25.765	0.443462	6.27914	0.972047
1	28.659	0.419872	6.34089	0.971968
1	22.4213	0.453534	7.98807	0.934557
1	30.1427	0.412041	9.0417	0.917373
1	29.614	0.419812	8.90667	0.919153
1	30.7519	0.420471	7.68105	0.939715
1	24.9159	0.442731	6.94456	0.956743
1	28.2661	0.423565	6.90741	0.956649
1.5	25.9438	0.431372	8.04511	0.930096
1.5	22.1156	0.470303	6.96771	0.952816
5	26.4522	0.420282	11.3697	0.864717
5	24.5584	0.427134	10.8317	0.871128
5	28.4572	0.407292	11.4728	0.862656
5	28.3893	0.399086	11.5969	0.861543
5	22.794	0.436656	7.8604	0.923526
5	26.2472	0.418214	10.5426	0.875697
5	24.4021	0.430034	9.87968	0.886436
5	28.8077	0.407503	9.93566	0.884799
5	31.1909	0.386164	8.71567	0.905688
10	23.3021	0.44778	6.47019	0.950574
10	24.0504	0.41877	12.9766	0.831264
10	25.0121	0.417629	9.94713	0.873002
10	26.7535	0.410976	8.7235	0.895893
10	32.2721	0.380369	9.98372	0.872547
