# avg	stdev
0.0258692	0.0156538
0.0609488	0.0177569
0.0664334	0.0132526
0.0652977	0.0153182
0.0800318	0.0259566
0.0982501	0.0267957
0.146694	0.0332839
0.166399	0.0335299
0.148238	0.0345576
0.211099	0.0371403
0.231715	0.0316075
0.209487	0.0326713
0.239941	0.03866
0.217837	0.0372974
0.23403	0.0322843
0.305331	0.0385507
0.296509	0.0380668
0.309819	0.0448256
0.335592	0.0363138
0.312777	0.0372668
0.350597	0.0458352
0.369858	0.0416839
0.384581	0.0460774
0.414086	0.044819
0.416025	0.0455341
0.437577	0.0363905
0.418304	0.0374188
0.452182	0.0395286
0.468014	0.0448705
0.479203	0.0422149
0.490786	0.0398129
0.49873	0.0362181
0.515798	0.0363037
0.548948	0.0431982
0.55695	0.0356246
0.553449	0.0339569
0.55002	0.0356122
0.592109	0.0298233
0.604502	0.0362378
0.624937	0.0414792
0.619423	0.0446561
0.635514	0.0431321
0.652228	0.049606
0.676151	0.045119
0.687812	0.0387961
0.71196	0.039061
0.676281	0.0310429
0.68704	0.0255329
0.6707	0.0200056
0.667154	0.0278605
0.664121	0.0211986
0.650053	0.032319
0.651064	0.0324582
0.676242	0.0360076
