# avg	stdev
0.112414	0.0410748
0.129341	0.048289
0.114254	0.0483449
0.120314	0.0403529
0.234584	0.112465
0.152539	0.0483436
0.127488	0.0441495
0.15809	0.0382622
0.203394	0.0555566
0.192816	0.0473056
0.23277	0.0473241
0.241034	0.040094
0.246784	0.0363871
0.305207	0.0382074
0.297898	0.0499048
0.312545	0.0450368
0.311147	0.0366667
0.337932	0.0473972
0.317347	0.0471624
0.324569	0.0466613
0.364767	0.0377847
0.385834	0.0294414
0.392617	0.035729
0.409567	0.0434362
0.402289	0.0427626
0.414728	0.0368715
0.415989	0.0455271
0.425313	0.0293347
0.451642	0.0415145
0.475569	0.0503419
0.482384	0.0460039
0.480586	0.0506881
0.492975	0.0459286
0.51028	0.0372465
0.557613	0.0279227
0.569817	0.0319082
0.57816	0.0380348
0.573941	0.0383406
0.573278	0.0455917
0.556808	0.0420657
0.584899	0.0309011
0.600924	0.0319136
0.625896	0.0356618
0.632297	0.0326135
0.619141	0.0440166
0.629142	0.0502276
0.647656	0.0455451
0.663819	0.0443045
0.616797	0.0392032
0.613851	0.0441225
0.619243	0.0500436
0.635125	0.0549467
0.643198	0.0679221
0.649428	0.0598222
0.697782	0.0410765
0.673821	0.0438946
0.676637	0.0505137
0.686892	0.0452555
0.68528	0.039233
0.736999	0.0569775
